[1] "Numero de evaluaciones: " "45"                      
[1] "1"                 "0.361713704402257" "0.3096"           
[4] "con: "             "0"                 "sin: "            
[7] "0"                 "10"               
[1] "Individuo Nuevo"   "0.406453855190089" "10"               
[4] "0.3096"           
[1] "Individuo Actual"  "0.406453855190089" "11"               
[4] "0.48"             
[1] "Individuo Nuevo"   "0.412722615841293" "20"               
[4] "0.48"             
[1] "Individuo Actual"  "0.412722615841293" "21"               
[4] "0.46"             
[1] "Individuo Nuevo"   "0.412722615841293" "30"               
[4] "0.46"             
[1] "Individuo Actual"  "0.412722615841293" "31"               
[4] "0.56"             
[1] "Individuo Nuevo"   "0.413507522477922" "40"               
[4] "0.56"             
[1] "Individuo Actual"  "0.413507522477922" "41"               
[4] "0.42"             
[1] "Individuo Nuevo"   "0.413507522477922" "50"               
[4] "0.42"             
[1] "Individuo Actual"  "0.413507522477922" "51"               
[4] "0.6"              
[1] "Individuo Nuevo"   "0.414214577146271" "60"               
[4] "0.6"              
[1] "Individuo Actual"  "0.414214577146271" "61"               
[4] "0.38"             
[1] "Individuo Nuevo"  "0.41790438604951" "70"               "0.38"            
[1] "Individuo Actual" "0.41790438604951" "71"               "0.36"            
[1] "Individuo Nuevo"  "0.41790438604951" "80"               "0.36"            
[1] "Individuo Actual" "0.41790438604951" "81"               "0.66"            
[1] "Individuo Nuevo"  "0.41790438604951" "90"               "0.66"            
[1] "Individuo Actual" "0.41790438604951" "91"               "0.68"            
[1] "Individuo Nuevo"  "0.41790438604951" "100"              "0.68"            
[1] "Individuo Actual" "0.41790438604951" "101"              "0.7"             
[1] "Individuo Nuevo"  "0.41790438604951" "110"              "0.7"             
[1] "Individuo Actual" "0.41790438604951" "111"              "0.72"            
[1] "Individuo Nuevo"  "0.41790438604951" "120"              "0.72"            
[1] "Individuo Actual" "0.41790438604951" "121"              "0.74"            
[1] "Individuo Nuevo"  "0.41790438604951" "130"              "0.74"            
[1] "Individuo Actual" "0.41790438604951" "131"              "0.76"            
[1] "Individuo Nuevo"   "0.419159964362008" "140"              
[4] "0.76"             
[1] "Individuo Actual"  "0.419159964362008" "141"              
[4] "0.22"             
[1] "Individuo Nuevo"   "0.419159964362008" "150"              
[4] "0.22"             
[1] "Individuo Actual"  "0.419159964362008" "151"              
[4] "0.8"              
[1] "Individuo Nuevo"   "0.419159964362008" "160"              
[4] "0.8"              
[1] "Individuo Actual"  "0.419159964362008" "161"              
[4] "0.82"             
[1] "Individuo Nuevo"   "0.419159964362008" "170"              
[4] "0.82"             
[1] "Individuo Actual"  "0.419159964362008" "171"              
[4] "0.84"             
[1] "Individuo Nuevo"   "0.419159964362008" "180"              
[4] "0.84"             
[1] "Individuo Actual"  "0.419159964362008" "181"              
[4] "0.86"             
[1] "Individuo Nuevo"   "0.419159964362008" "190"              
[4] "0.86"             
[1] "Individuo Actual"  "0.419159964362008" "191"              
[4] "0.88"             
[1] "Individuo Nuevo"   "0.419159964362008" "200"              
[4] "0.88"             
[1] "39101.108" "5.841"     "39162.569" "0"         "0"        
[1] "Numero de evaluaciones: " "9000"                    
[1] "0.419159964362008" "15"               
   [1] 1 2 4 3 4 1 3 1 4 2 4 4 4 4 4 3 1 1 2 2 2 4 1 3 1 3 2 4 3 2 2 4 4 4 2 4 4
  [38] 3 1 1 1 4 1 4 3 1 3 3 3 1 1 3 4 3 2 1 1 1 1 4 4 1 4 2 3 1 3 2 3 4 1 1 1 2
  [75] 3 4 1 1 1 1 3 1 1 2 4 1 3 1 4 1 3 2 2 3 1 1 2 4 1 1 1 4 2 1 4 3 1 1 1 1 1
 [112] 4 4 2 3 3 2 1 4 4 4 3 4 4 4 1 3 4 1 1 4 3 3 1 4 3 3 1 4 4 4 1 3 1 2 4 4 1
 [149] 3 2 4 4 3 1 1 3 1 1 2 3 1 3 3 3 4 4 2 1 4 3 3 3 3 3 2 3 2 1 4 4 2 1 4 1 4
 [186] 1 4 3 2 4 4 4 2 4 1 1 4 3 4 1 2 4 3 4 4 3 3 3 1 3 4 4 4 1 1 4 2 2 1 3 1 3
 [223] 1 3 3 4 1 2 3 4 2 4 2 4 4 2 2 2 3 2 4 2 4 4 4 1 4 3 4 2 4 4 2 4 2 3 2 1 4
 [260] 3 4 3 2 3 3 3 3 3 3 1 3 4 2 1 1 3 3 2 1 1 1 3 4 3 3 4 4 1 4 3 2 4 1 3 2 2
 [297] 4 1 1 2 3 3 3 3 2 1 2 1 4 1 2 4 1 1 1 4 1 3 4 4 3 1 4 4 4 2 3 2 3 1 1 2 4
 [334] 4 4 2 3 3 4 3 2 3 2 3 4 1 1 3 3 3 3 3 3 4 3 4 1 4 1 1 4 1 3 4 1 1 3 4 4 1
 [371] 3 4 4 3 2 2 1 1 1 3 1 1 1 2 4 3 1 1 1 3 4 1 1 1 4 4 1 1 1 1 2 1 2 1 1 1 1
 [408] 1 4 3 4 2 3 1 3 3 1 3 4 3 3 4 2 4 1 4 2 4 1 1 4 4 1 1 1 2 4 4 3 1 3 2 2 4
 [445] 4 4 4 4 4 4 1 1 1 3 4 4 1 1 1 2 4 2 1 1 3 4 2 1 1 2 1 4 3 3 4 1 1 2 1 1 4
 [482] 1 4 4 1 1 1 4 1 3 3 1 3 3 1 4 4 3 4 2 4 2 4 1 1 2 2 4 2 3 3 4 3 2 4 3 2 4
 [519] 1 4 3 3 1 1 2 2 1 1 1 2 3 3 1 3 4 1 2 1 1 3 1 3 4 2 3 4 1 4 4 1 1 3 3 3 1
 [556] 3 3 1 2 1 1 4 3 3 1 2 2 4 2 1 2 4 2 3 2 4 2 4 3 1 4 4 3 1 2 1 4 1 1 1 4 3
 [593] 1 4 1 2 4 1 3 1 2 2 3 3 1 3 1 1 2 3 1 1 1 1 2 1 4 1 4 2 2 3 2 3 1 4 1 3 2
 [630] 1 1 1 3 4 3 1 4 4 1 3 3 1 1 4 4 1 3 1 1 1 1 1 4 4 4 3 1 1 1 4 4 1 2 4 2 4
 [667] 2 2 3 3 3 1 1 2 2 1 1 4 1 1 1 4 1 3 3 2 1 2 3 2 1 3 3 1 4 1 4 4 2 1 4 3 4
 [704] 3 3 3 1 1 1 1 3 4 1 3 3 3 4 1 3 2 1 4 1 1 3 3 4 4 3 1 1 4 2 3 3 3 4 1 1 4
 [741] 1 4 2 1 3 1 1 3 3 1 1 2 3 4 2 3 4 4 2 3 3 4 2 2 4 2 1 1 2 3 1 4 1 4 2 3 4
 [778] 1 4 1 4 1 4 2 4 4 4 4 1 3 1 3 2 3 2 1 4 1 1 3 1 1 4 1 1 4 1 4 4 1 2 4 1 4
 [815] 3 3 1 2 3 1 1 1 4 1 1 1 3 4 3 2 4 4 1 1 1 4 2 1 4 4 4 4 1 3 4 3 3 1 4 3 4
 [852] 4 1 1 1 4 1 1 1 3 4 1 1 3 4 3 4 3 4 1 4 3 1 2 3 3 1 2 2 1 1 2 1 3 3 1 4 1
 [889] 3 2 3 2 4 1 1 2 1 1 1 1 3 4 1 1 1 4 1 2 2 3 4 3 1 3 2 4 2 3 1 3 3 3 1 4 3
 [926] 3 2 4 1 1 4 3 3 3 2 4 1 2 4 2 1 3 2 1 4 3 2 3 1 3 3 1 1 1 1 1 4 1 3 1 1 4
 [963] 3 4 1 3 4 3 4 4 3 3 3 1 4 2 2 4 2 2 3 2 3 1 4 3 1 3 4 1 1 3 1 1 2 3 1 1 3
[1000] 2 3 3 4 3 1 1 1 3 4 4 4 4 3 2 1 1 1 1 3 2 3 1 3 4 2 2 4 4 1 3 1 4 1 4 1 3
[1037] 2 3 1 4 1 4 1 4 3 3 1 4 3 1 1 4 3 4 3 1 1 1 4 1 4 4 4 3 1 3 4 4 2 2 4 1 4
[1074] 3 2 2 3 1 4 1 2 1 4 4 4 1 3 2 3 2 4 3 1 4 1 3 1 3 4 4 1 4 2 1 2 1 1 3 3 3
[1111] 1 2 2 2 3 3 3 4 4 1 1 4 2 4 4 2 2 2 4 4 4 4 3 3 1 4 2 3 1 3 4 2 2 1 4 4 2
[1148] 4 4 4 1 4 1 4 4 1 4 4 1 3 3 3 1 1 2 2 4 1 3 1 3 3 4 4 1 1 1 2 3 3 1 1 1 3
[1185] 4 2 3 2 1 1 1 1 1 1 4 1 1 1 3 4
[1] "Numero de evaluaciones: " "45"                      
[1] "1"                 "0.354142891143925" "0.6141"           
[4] "con: "             "0"                 "sin: "            
[7] "0"                 "10"               
[1] "Individuo Nuevo"   "0.405839389437456" "10"               
[4] "0.6141"           
[1] "Individuo Actual"  "0.405839389437456" "11"               
[4] "0.48"             
[1] "Individuo Nuevo"   "0.406738754395199" "20"               
[4] "0.48"             
[1] "Individuo Actual"  "0.406738754395199" "21"               
[4] "0.46"             
[1] "Individuo Nuevo"   "0.411741179694932" "30"               
[4] "0.46"             
[1] "Individuo Actual"  "0.411741179694932" "31"               
[4] "0.44"             
[1] "Individuo Nuevo"   "0.411741179694932" "40"               
[4] "0.44"             
[1] "Individuo Actual"  "0.411741179694932" "41"               
[4] "0.58"             
[1] "Individuo Nuevo"   "0.417565497801961" "50"               
[4] "0.58"             
[1] "Individuo Actual"  "0.417565497801961" "51"               
[4] "0.4"              
[1] "Individuo Nuevo"   "0.417565497801961" "60"               
[4] "0.4"              
[1] "Individuo Actual"  "0.417565497801961" "61"               
[4] "0.62"             
[1] "Individuo Nuevo"   "0.420051978476327" "70"               
[4] "0.62"             
[1] "Individuo Actual"  "0.420051978476327" "71"               
[4] "0.36"             
[1] "Individuo Nuevo"   "0.420051978476327" "80"               
[4] "0.36"             
[1] "Individuo Actual"  "0.420051978476327" "81"               
[4] "0.66"             
[1] "Individuo Nuevo"   "0.420051978476327" "90"               
[4] "0.66"             
[1] "Individuo Actual"  "0.420051978476327" "91"               
[4] "0.68"             
[1] "Individuo Nuevo"   "0.420051978476327" "100"              
[4] "0.68"             
[1] "Individuo Actual"  "0.420051978476327" "101"              
[4] "0.7"              
[1] "Individuo Nuevo"   "0.420051978476327" "110"              
[4] "0.7"              
[1] "Individuo Actual"  "0.420051978476327" "111"              
[4] "0.72"             
[1] "Individuo Nuevo"   "0.420051978476327" "120"              
[4] "0.72"             
[1] "Individuo Actual"  "0.420051978476327" "121"              
[4] "0.74"             
[1] "Individuo Nuevo"   "0.420051978476327" "130"              
[4] "0.74"             
[1] "Individuo Actual"  "0.420051978476327" "131"              
[4] "0.76"             
[1] "Individuo Nuevo"   "0.420051978476327" "140"              
[4] "0.76"             
[1] "Individuo Actual"  "0.420051978476327" "141"              
[4] "0.78"             
[1] "Individuo Nuevo"   "0.420051978476327" "150"              
[4] "0.78"             
[1] "Individuo Actual"  "0.420051978476327" "151"              
[4] "0.8"              
[1] "Individuo Nuevo"   "0.420051978476327" "160"              
[4] "0.8"              
[1] "Individuo Actual"  "0.420051978476327" "161"              
[4] "0.82"             
[1] "Individuo Nuevo"   "0.420051978476327" "170"              
[4] "0.82"             
[1] "Individuo Actual"  "0.420051978476327" "171"              
[4] "0.84"             
[1] "Individuo Nuevo"   "0.420051978476327" "180"              
[4] "0.84"             
[1] "Individuo Actual"  "0.420051978476327" "181"              
[4] "0.86"             
[1] "Individuo Nuevo"   "0.420051978476327" "190"              
[4] "0.86"             
[1] "Individuo Actual"  "0.420051978476327" "191"              
[4] "0.88"             
[1] "Individuo Nuevo"   "0.420051978476327" "200"              
[4] "0.88"             
[1] "42724.927" "4.895"     "42825.478" "0"         "0"        
[1] "Numero de evaluaciones: " "9000"                    
[1] "0.420051978476327" "38"               
   [1] 1 2 3 4 3 1 4 1 3 2 3 3 3 3 3 4 1 1 2 2 2 3 1 4 1 4 2 3 4 4 2 3 3 3 2 2 3
  [38] 4 1 1 1 3 1 3 4 1 4 4 4 1 1 4 3 4 2 1 1 1 1 3 3 1 3 2 4 4 4 3 4 3 1 1 1 4
  [75] 2 3 1 1 1 4 4 1 1 2 3 1 4 1 3 1 4 2 2 4 4 1 2 3 1 1 1 3 3 1 3 4 1 1 1 1 1
 [112] 3 3 4 4 4 4 1 3 3 3 2 3 3 3 1 4 4 1 1 3 2 4 1 3 4 4 4 3 3 3 1 4 1 2 3 3 1
 [149] 4 2 3 3 4 1 1 4 4 1 2 4 1 4 4 4 3 3 2 1 3 2 4 4 4 4 2 4 3 1 3 3 2 1 3 1 3
 [186] 1 3 4 2 3 3 3 2 3 1 1 3 4 3 1 3 1 2 3 3 4 4 4 1 4 3 3 3 1 1 3 2 3 1 4 1 3
 [223] 1 4 4 3 1 2 4 3 2 3 2 3 3 2 3 3 2 3 3 2 3 3 3 1 3 4 3 2 3 3 3 3 2 4 2 1 3
 [260] 4 3 4 4 4 4 4 4 4 4 1 4 3 2 4 1 4 4 2 1 1 1 4 3 4 4 3 3 1 3 4 2 3 1 4 3 3
 [297] 3 1 1 2 2 4 4 4 2 1 2 1 3 1 2 3 1 1 1 3 1 4 3 3 4 1 3 3 3 2 1 2 4 4 1 2 2
 [334] 3 3 2 4 2 3 4 2 3 3 4 3 1 1 2 4 4 4 4 4 3 3 2 1 3 1 1 3 1 4 3 1 1 4 3 3 1
 [371] 4 3 3 3 2 2 1 1 4 4 1 1 1 2 3 2 4 1 1 4 3 1 1 1 3 3 1 1 1 1 2 1 2 1 1 1 1
 [408] 1 3 4 3 2 2 4 4 4 1 4 3 4 4 3 2 3 1 3 2 3 1 1 3 3 1 1 1 2 3 3 4 1 4 2 3 3
 [445] 3 3 3 3 3 3 1 1 1 4 3 3 1 1 1 3 3 2 1 1 4 3 2 1 1 2 1 1 4 3 3 1 4 2 1 1 3
 [482] 1 3 3 1 1 1 3 1 4 4 1 4 4 1 3 3 4 3 2 3 2 3 1 1 2 2 3 2 4 4 3 4 2 3 4 2 3
 [519] 1 3 1 4 1 1 2 3 1 1 1 2 4 4 1 4 3 1 3 1 1 4 1 3 1 2 4 3 1 3 3 1 1 4 4 4 1
 [556] 4 4 1 2 1 1 3 4 4 1 2 2 3 2 1 2 3 3 2 2 3 2 3 4 1 2 3 4 1 2 1 2 1 1 1 3 4
 [593] 1 3 1 2 3 1 4 1 2 2 4 4 1 4 1 1 2 4 1 1 1 1 2 1 3 1 3 2 2 4 2 4 1 3 1 4 2
 [630] 1 1 1 4 3 4 1 2 3 1 4 4 1 1 3 3 1 4 1 1 1 1 1 3 3 3 4 1 1 1 1 3 1 2 3 2 3
 [667] 2 2 4 4 4 1 1 2 3 1 1 3 1 1 1 3 1 4 4 2 1 2 1 2 1 2 4 4 2 1 3 3 2 1 3 4 3
 [704] 4 4 4 1 1 1 1 4 2 1 4 4 4 3 1 4 4 1 3 1 1 4 2 3 3 4 1 1 3 2 4 2 4 3 1 1 3
 [741] 1 3 3 1 4 1 1 1 4 1 1 2 1 3 2 4 3 3 3 4 4 3 2 2 3 2 1 1 2 4 1 3 1 3 2 2 3
 [778] 1 3 1 4 1 3 2 3 3 3 3 1 4 1 4 3 4 2 1 3 1 1 1 1 1 3 1 1 3 1 3 3 1 3 3 1 3
 [815] 4 3 1 2 4 1 1 1 3 1 1 1 4 3 4 3 3 3 1 1 1 3 2 1 3 3 3 3 1 4 3 4 4 1 3 4 3
 [852] 3 1 1 1 3 1 1 1 4 3 1 1 4 3 4 3 4 3 1 3 4 4 2 2 4 1 3 2 1 1 2 1 4 4 1 3 1
 [889] 4 2 4 4 1 1 1 2 1 1 1 1 4 3 1 1 1 3 1 3 2 4 3 4 1 4 2 3 2 4 1 4 4 4 1 1 4
 [926] 4 2 3 1 1 3 4 4 4 2 3 1 3 3 2 1 4 2 1 3 4 4 4 1 4 1 1 1 1 1 1 3 1 2 1 1 2
 [963] 4 3 1 4 3 4 3 3 4 4 4 1 3 3 2 3 2 2 1 2 4 1 3 4 1 4 3 1 1 3 1 1 2 4 1 1 4
[1000] 2 4 4 3 4 1 1 1 4 3 3 3 3 4 2 1 1 1 1 4 2 4 1 4 3 2 2 3 3 1 4 1 3 1 3 1 4
[1037] 2 4 1 3 1 3 1 3 4 4 1 3 4 1 1 3 4 3 4 1 1 1 3 1 3 3 3 4 1 2 3 3 2 2 3 1 3
[1074] 4 2 4 4 1 3 1 3 1 3 3 3 1 4 3 2 2 3 4 1 3 1 4 1 4 3 3 1 3 3 1 2 1 1 4 4 1
[1111] 4 2 2 2 4 4 4 3 3 1 1 3 2 3 3 2 3 2 3 3 3 3 4 4 1 3 2 4 1 4 3 2 2 1 3 3 2
[1148] 3 2 3 1 3 1 3 3 1 3 3 1 4 2 3 1 1 2 2 3 4 4 1 4 4 3 3 1 1 4 2 4 4 1 1 1 4
[1185] 3 2 4 3 1 1 1 1 1 1 3 1 1 1 4 3
[1] "Numero de evaluaciones: " "45"                      
[1] "1"                "0.36112755633243" "0.7324"           "con: "           
[5] "0"                "sin: "            "0"                "10"              
[1] "Individuo Nuevo"   "0.398459158751745" "10"               
[4] "0.7324"           
[1] "Individuo Actual"  "0.398459158751745" "11"               
[4] "0.48"             
[1] "Individuo Nuevo"   "0.401002788261075" "20"               
[4] "0.48"             
[1] "Individuo Actual"  "0.401002788261075" "21"               
[4] "0.46"             
[1] "Individuo Nuevo"  "0.41117846283868" "30"               "0.46"            
[1] "Individuo Actual" "0.41117846283868" "31"               "0.44"            
[1] "Individuo Nuevo"  "0.41117846283868" "40"               "0.44"            
[1] "Individuo Actual" "0.41117846283868" "41"               "0.58"            
[1] "Individuo Nuevo"  "0.41117846283868" "50"               "0.58"            
[1] "Individuo Actual" "0.41117846283868" "51"               "0.6"             
[1] "Individuo Nuevo"  "0.41117846283868" "60"               "0.6"             
[1] "Individuo Actual" "0.41117846283868" "61"               "0.62"            
[1] "Individuo Nuevo"  "0.41117846283868" "70"               "0.62"            
[1] "Individuo Actual" "0.41117846283868" "71"               "0.64"            
[1] "Individuo Nuevo"  "0.41117846283868" "80"               "0.64"            
[1] "Individuo Actual" "0.41117846283868" "81"               "0.66"            
[1] "Individuo Nuevo"   "0.416366834724483" "90"               
[4] "0.66"             
[1] "Individuo Actual"  "0.416366834724483" "91"               
[4] "0.32"             
[1] "Individuo Nuevo"   "0.416366834724483" "100"              
[4] "0.32"             
[1] "Individuo Actual"  "0.416366834724483" "101"              
[4] "0.7"              
[1] "Individuo Nuevo"   "0.416366834724483" "110"              
[4] "0.7"              
[1] "Individuo Actual"  "0.416366834724483" "111"              
[4] "0.72"             
[1] "Individuo Nuevo"   "0.416366834724483" "120"              
[4] "0.72"             
[1] "Individuo Actual"  "0.416366834724483" "121"              
[4] "0.74"             
[1] "Individuo Nuevo"   "0.416366834724483" "130"              
[4] "0.74"             
[1] "Individuo Actual"  "0.416366834724483" "131"              
[4] "0.76"             
[1] "Individuo Nuevo"   "0.416366834724483" "140"              
[4] "0.76"             
[1] "Individuo Actual"  "0.416366834724483" "141"              
[4] "0.78"             
[1] "Individuo Nuevo"   "0.416366834724483" "150"              
[4] "0.78"             
[1] "Individuo Actual"  "0.416366834724483" "151"              
[4] "0.8"              
[1] "Individuo Nuevo"   "0.416366834724483" "160"              
[4] "0.8"              
[1] "Individuo Actual"  "0.416366834724483" "161"              
[4] "0.82"             
[1] "Individuo Nuevo"   "0.416366834724483" "170"              
[4] "0.82"             
[1] "Individuo Actual"  "0.416366834724483" "171"              
[4] "0.84"             
[1] "Individuo Nuevo"   "0.416366834724483" "180"              
[4] "0.84"             
[1] "Individuo Actual"  "0.416366834724483" "181"              
[4] "0.86"             
[1] "Individuo Nuevo"   "0.416366834724483" "190"              
[4] "0.86"             
[1] "Individuo Actual"  "0.416366834724483" "191"              
[4] "0.88"             
[1] "Individuo Nuevo"   "0.416366834724483" "200"              
[4] "0.88"             
[1] "41658.528" "5.77"      "41734.874" "0"         "0"        
[1] "Numero de evaluaciones: " "9000"                    
[1] "0.416366834724483" "39"               
   [1] 1 3 2 4 2 1 4 1 3 4 2 2 2 2 2 4 1 1 3 3 3 4 1 3 1 4 4 2 4 4 3 2 2 2 4 4 2
  [38] 1 1 1 1 2 1 2 4 1 1 4 4 1 1 4 2 4 3 1 1 1 1 2 3 1 2 3 4 4 4 3 4 2 1 4 1 4
  [75] 3 4 1 1 1 1 4 1 1 3 4 1 4 4 2 1 4 3 3 4 4 1 4 3 1 2 1 2 3 1 2 3 1 1 1 1 1
 [112] 2 2 4 4 4 4 1 2 2 2 3 2 2 2 4 4 4 1 2 2 3 4 1 2 1 4 4 2 2 2 4 4 1 3 3 2 1
 [149] 4 3 2 2 4 1 1 1 1 1 3 4 1 1 4 4 2 3 4 1 3 4 3 4 4 4 2 4 2 1 2 2 4 1 2 1 3
 [186] 1 2 4 4 3 2 2 3 2 1 1 2 4 2 1 2 2 3 4 2 4 4 4 1 4 2 2 2 1 1 2 3 2 1 4 1 4
 [223] 1 4 4 2 1 3 4 2 3 2 3 2 2 4 2 2 3 3 4 3 3 2 2 1 3 4 2 4 2 2 3 3 3 4 3 1 2
 [260] 4 2 4 4 4 3 4 1 4 1 1 4 2 3 4 1 1 4 3 1 1 1 4 3 4 3 2 2 4 2 4 3 3 1 4 3 3
 [297] 2 1 1 3 3 4 4 4 3 1 3 1 2 1 3 2 1 1 1 2 1 4 2 3 4 1 2 2 2 3 1 3 4 1 1 3 3
 [334] 2 4 4 4 3 4 4 3 2 3 1 2 1 1 4 4 4 4 4 4 2 2 4 1 3 1 1 2 1 1 4 4 1 4 2 2 1
 [371] 3 2 2 2 3 3 1 1 4 4 1 1 1 4 2 2 1 1 1 3 2 1 1 1 2 4 1 1 1 1 4 1 4 1 1 1 1
 [408] 1 2 4 2 3 4 1 4 4 1 4 2 4 4 2 3 2 4 2 3 2 2 1 2 2 1 1 1 3 2 4 4 1 3 3 2 2
 [445] 2 2 2 2 2 3 1 1 1 4 2 2 1 1 1 3 2 3 1 1 1 2 3 1 1 3 1 4 4 2 2 1 1 3 4 1 4
 [482] 1 2 2 2 1 1 2 1 4 1 1 4 4 2 2 2 4 2 3 2 3 2 1 1 4 3 2 3 4 4 4 4 3 2 4 3 2
 [519] 1 3 2 4 1 1 4 3 1 1 1 3 1 1 4 4 2 2 3 1 2 4 1 2 2 3 4 3 1 2 2 1 1 3 4 4 1
 [556] 3 3 1 4 1 2 2 4 3 1 3 3 2 3 1 3 4 3 3 3 2 3 2 1 1 3 2 1 1 3 1 4 1 1 1 2 1
 [593] 1 2 1 2 2 1 4 1 3 3 4 4 1 4 1 1 3 4 1 1 1 1 3 1 2 1 2 4 3 4 3 4 1 2 1 4 3
 [630] 1 1 1 4 2 1 1 4 2 1 4 3 1 4 2 2 1 4 1 1 1 1 1 3 2 2 4 1 1 1 2 2 1 3 2 3 2
 [667] 3 3 4 4 4 1 1 3 3 1 1 2 1 1 1 2 2 1 1 3 1 3 3 3 1 2 4 4 3 1 3 2 4 1 2 4 2
 [704] 4 3 4 1 1 1 1 4 4 1 1 1 4 2 1 1 4 1 4 1 1 4 3 2 2 4 1 1 2 3 4 2 4 2 1 1 2
 [741] 1 3 3 1 4 1 4 1 3 1 1 3 1 3 4 3 2 2 3 3 4 2 3 3 4 3 1 1 3 4 1 2 1 2 3 2 2
 [778] 1 2 1 4 1 2 3 2 4 2 2 1 4 1 4 2 1 3 1 2 1 1 1 1 4 3 1 1 2 1 2 2 1 3 3 1 2
 [815] 1 2 1 3 1 1 1 2 4 4 1 1 4 2 4 3 2 4 1 1 1 2 3 1 2 2 2 2 1 3 2 4 1 1 2 4 2
 [852] 4 1 1 1 2 1 1 1 4 2 1 1 4 2 3 3 4 2 1 2 4 1 3 4 4 1 3 2 1 1 3 1 4 4 1 2 1
 [889] 1 3 1 4 2 1 1 3 1 1 1 1 4 2 1 1 1 2 1 3 3 4 2 1 1 4 3 2 4 4 1 4 4 4 1 2 4
 [926] 4 3 2 1 1 2 4 4 4 3 2 1 3 2 4 1 4 3 1 2 2 4 4 1 1 1 1 4 1 1 1 2 1 2 1 1 4
 [963] 4 2 2 4 2 4 4 3 4 4 4 1 2 3 3 2 3 3 1 3 4 1 3 3 1 4 2 1 1 2 1 1 4 4 1 1 4
[1000] 3 4 1 2 4 1 1 1 1 2 3 2 2 4 2 4 1 1 2 4 3 4 1 4 4 3 4 3 2 1 1 1 2 1 2 1 4
[1037] 3 4 1 2 4 2 1 2 4 4 1 2 4 1 4 2 1 2 4 1 1 1 2 1 2 2 2 4 1 2 2 2 3 4 3 1 2
[1074] 3 3 4 4 1 2 2 2 1 2 2 2 2 1 3 3 3 2 4 1 3 1 4 4 4 2 2 1 2 2 1 3 1 1 1 4 1
[1111] 1 3 3 3 4 4 4 2 2 1 1 2 2 2 4 3 3 3 2 2 2 3 4 4 1 2 3 4 1 4 2 4 3 1 2 2 3
[1148] 4 4 2 1 4 1 2 2 1 2 4 2 4 2 2 1 1 4 2 2 1 4 1 3 2 2 2 1 1 4 3 1 4 1 2 1 4
[1185] 3 3 3 3 1 1 1 1 1 1 2 1 1 1 4 3
[1] "Numero de evaluaciones: " "45"                      
[1] "1"                 "0.357572006798948" "0.5461"           
[4] "con: "             "0"                 "sin: "            
[7] "0"                 "10"               
[1] "Individuo Nuevo"   "0.407158436642198" "10"               
[4] "0.5461"           
[1] "Individuo Actual"  "0.407158436642198" "11"               
[4] "0.48"             
[1] "Individuo Nuevo"   "0.407158436642198" "20"               
[4] "0.48"             
[1] "Individuo Actual"  "0.407158436642198" "21"               
[4] "0.54"             
[1] "Individuo Nuevo"   "0.415176051967747" "30"               
[4] "0.54"             
[1] "Individuo Actual"  "0.415176051967747" "31"               
[4] "0.44"             
[1] "Individuo Nuevo"   "0.415176051967747" "40"               
[4] "0.44"             
[1] "Individuo Actual"  "0.415176051967747" "41"               
[4] "0.58"             
[1] "Individuo Nuevo"  "0.41744075285681" "50"               "0.58"            
[1] "Individuo Actual" "0.41744075285681" "51"               "0.4"             
[1] "Individuo Nuevo"   "0.423404236705607" "60"               
[4] "0.4"              
[1] "Individuo Actual"  "0.423404236705607" "61"               
[4] "0.38"             
[1] "Individuo Nuevo"   "0.423404236705607" "70"               
[4] "0.38"             
[1] "Individuo Actual"  "0.423404236705607" "71"               
[4] "0.64"             
[1] "Individuo Nuevo"   "0.423404236705607" "80"               
[4] "0.64"             
[1] "Individuo Actual"  "0.423404236705607" "81"               
[4] "0.66"             
[1] "Individuo Nuevo"   "0.423404236705607" "90"               
[4] "0.66"             
[1] "Individuo Actual"  "0.423404236705607" "91"               
[4] "0.68"             
[1] "Individuo Nuevo"   "0.423404236705607" "100"              
[4] "0.68"             
[1] "Individuo Actual"  "0.423404236705607" "101"              
[4] "0.7"              
[1] "Individuo Nuevo"   "0.423404236705607" "110"              
[4] "0.7"              
[1] "Individuo Actual"  "0.423404236705607" "111"              
[4] "0.72"             
[1] "Individuo Nuevo"   "0.423404236705607" "120"              
[4] "0.72"             
[1] "Individuo Actual"  "0.423404236705607" "121"              
[4] "0.74"             
[1] "Individuo Nuevo"   "0.423404236705607" "130"              
[4] "0.74"             
[1] "Individuo Actual"  "0.423404236705607" "131"              
[4] "0.76"             
[1] "Individuo Nuevo"   "0.423404236705607" "140"              
[4] "0.76"             
[1] "Individuo Actual"  "0.423404236705607" "141"              
[4] "0.78"             
[1] "Individuo Nuevo"   "0.423404236705607" "150"              
[4] "0.78"             
[1] "Individuo Actual"  "0.423404236705607" "151"              
[4] "0.8"              
[1] "Individuo Nuevo"   "0.423404236705607" "160"              
[4] "0.8"              
[1] "Individuo Actual"  "0.423404236705607" "161"              
[4] "0.82"             
[1] "Individuo Nuevo"   "0.423404236705607" "170"              
[4] "0.82"             
[1] "Individuo Actual"  "0.423404236705607" "171"              
[4] "0.84"             
[1] "Individuo Nuevo"   "0.423404236705607" "180"              
[4] "0.84"             
[1] "Individuo Actual"  "0.423404236705607" "181"              
[4] "0.86"             
[1] "Individuo Nuevo"   "0.423404236705607" "190"              
[4] "0.86"             
[1] "Individuo Actual"  "0.423404236705607" "191"              
[4] "0.88"             
[1] "Individuo Nuevo"   "0.423404236705607" "200"              
[4] "0.88"             
[1] "42216.587" "6.235"     "42287.547" "0"         "0"        
[1] "Numero de evaluaciones: " "9000"                    
[1] "0.423404236705607" "12"               
   [1] 1 2 3 4 3 1 4 1 3 4 3 3 3 3 3 4 1 1 2 2 2 3 1 4 1 4 2 3 4 4 2 3 3 3 4 4 3
  [38] 4 1 1 1 3 1 3 4 1 1 4 4 1 1 4 3 4 2 1 1 1 1 3 3 1 3 2 4 4 4 2 4 3 1 1 1 4
  [75] 4 4 1 1 1 4 4 1 1 2 3 1 4 1 3 1 4 2 2 4 4 1 4 3 1 1 1 3 3 1 3 4 1 1 1 1 1
 [112] 3 3 4 4 4 4 1 3 3 3 4 3 3 3 1 4 4 1 1 3 4 4 1 3 4 4 4 3 3 3 1 4 1 2 2 3 1
 [149] 4 2 3 3 4 1 1 1 1 1 2 4 1 1 4 4 3 3 2 1 3 4 4 4 4 4 2 4 3 1 3 3 4 1 3 1 2
 [186] 1 3 4 4 3 3 3 2 3 1 1 3 4 3 1 3 3 4 4 3 4 4 4 1 4 3 3 3 1 1 3 2 3 1 4 1 4
 [223] 1 4 4 3 1 2 4 3 2 3 2 3 3 2 3 3 2 2 3 2 3 3 3 1 3 4 3 4 3 3 2 3 2 4 2 1 3
 [260] 4 3 4 4 4 4 4 4 4 4 1 4 3 2 4 1 4 4 2 1 1 1 4 3 4 4 3 3 1 3 4 2 2 1 4 3 2
 [297] 3 1 1 2 4 4 4 4 2 1 2 1 3 1 2 3 1 1 1 3 1 4 3 3 4 1 3 3 3 2 1 2 4 1 1 2 2
 [334] 3 3 4 4 4 3 4 4 3 2 4 3 1 1 4 4 4 4 4 4 3 4 2 1 3 1 1 3 1 4 3 4 1 4 3 3 1
 [371] 4 3 3 3 2 2 1 1 4 4 1 1 1 2 3 2 1 1 1 4 3 1 1 1 3 3 1 1 1 1 4 1 2 1 1 1 1
 [408] 1 3 4 3 2 4 1 4 4 1 4 3 4 4 3 2 3 1 3 2 3 1 1 3 3 1 1 1 2 3 3 4 1 4 2 3 3
 [445] 3 3 3 3 3 3 1 1 1 4 3 3 1 1 1 2 3 2 1 1 4 3 2 1 1 2 1 3 4 3 3 1 1 2 4 1 3
 [482] 1 3 3 1 1 1 3 1 4 1 1 4 4 1 3 3 4 3 2 3 2 3 1 1 4 2 3 2 4 4 3 4 2 3 4 2 3
 [519] 1 3 4 4 1 1 4 2 1 1 1 2 4 4 4 4 3 1 2 1 1 4 1 3 3 2 4 3 1 3 3 1 1 4 4 4 1
 [556] 4 4 1 4 1 1 3 4 4 1 2 4 3 2 1 4 3 3 4 2 3 2 3 4 1 2 3 4 1 2 1 4 1 1 1 3 4
 [593] 1 3 1 2 3 1 4 1 2 2 4 4 1 4 1 1 2 4 1 1 1 1 2 1 3 1 3 2 2 4 2 4 1 3 1 4 2
 [630] 1 1 1 4 3 4 1 3 3 1 4 4 1 1 3 3 1 4 1 1 1 1 1 3 3 3 4 1 1 1 1 3 1 2 3 2 3
 [667] 2 2 4 4 4 1 1 2 2 1 1 3 1 1 1 3 1 4 4 2 1 2 4 4 1 2 4 4 2 1 3 3 4 1 3 4 3
 [704] 4 4 4 1 1 1 1 4 4 1 4 4 4 3 1 4 4 1 3 1 1 4 4 3 3 4 1 1 3 2 4 3 4 3 1 1 3
 [741] 1 3 2 1 4 1 4 1 4 1 1 2 1 3 4 4 3 3 2 4 4 3 4 2 3 2 1 1 2 4 1 3 1 3 2 2 3
 [778] 1 3 1 4 1 3 2 3 3 3 3 1 4 1 4 3 4 2 1 3 1 1 1 1 1 3 1 1 3 1 3 3 1 2 3 1 3
 [815] 4 3 1 4 1 1 1 3 4 1 1 1 4 3 4 2 3 2 1 1 1 3 2 1 3 3 3 3 1 4 3 4 4 1 2 4 3
 [852] 3 1 1 1 3 1 1 1 4 3 1 1 4 3 2 3 4 3 1 3 4 4 2 4 4 1 2 3 1 1 2 1 4 4 1 3 1
 [889] 4 2 4 4 3 1 1 2 1 1 1 1 4 3 1 1 1 3 1 3 2 4 3 4 1 4 2 3 4 4 1 4 4 4 1 1 4
 [926] 4 2 3 1 1 3 4 4 4 2 3 1 2 3 2 1 4 2 1 3 4 4 4 1 4 1 1 1 1 1 1 3 1 2 1 1 4
 [963] 4 3 1 4 3 4 3 2 4 4 4 1 3 2 2 3 2 2 4 2 4 1 2 4 1 4 3 1 1 3 1 1 4 4 1 1 4
[1000] 4 4 1 3 4 1 1 1 4 3 3 3 3 4 2 4 1 1 1 4 2 4 1 4 3 2 4 3 3 1 4 1 3 1 2 1 4
[1037] 2 4 1 3 1 3 1 3 4 4 1 3 4 1 1 3 4 3 4 1 1 1 3 1 3 3 3 4 1 2 3 3 4 4 2 1 3
[1074] 4 2 4 4 1 3 1 1 1 3 3 3 1 4 3 4 2 3 4 1 3 1 4 4 4 3 3 1 3 2 1 2 1 1 4 4 1
[1111] 4 2 2 2 4 4 4 3 3 1 1 3 3 3 3 2 2 2 3 3 1 3 4 4 1 3 2 4 1 4 3 4 2 1 2 3 2
[1148] 3 4 3 1 3 1 3 3 1 3 3 1 4 2 3 1 1 4 2 3 1 4 1 4 2 3 3 1 1 1 2 4 4 1 1 1 4
[1185] 1 2 4 2 1 1 1 1 1 1 3 1 1 1 4 3
[1] "Numero de evaluaciones: " "45"                      
[1] "1"                 "0.344317801680871" "0.4969"           
[4] "con: "             "0"                 "sin: "            
[7] "0"                 "10"               
[1] "Individuo Nuevo"   "0.408424604415003" "10"               
[4] "0.4969"           
[1] "Individuo Actual"  "0.408424604415003" "11"               
[4] "0.48"             
[1] "Individuo Nuevo"   "0.408424604415003" "20"               
[4] "0.48"             
[1] "Individuo Actual"  "0.408424604415003" "21"               
[4] "0.54"             
[1] "Individuo Nuevo"   "0.409008179733985" "30"               
[4] "0.54"             
[1] "Individuo Actual"  "0.409008179733985" "31"               
[4] "0.44"             
[1] "Individuo Nuevo"   "0.410667065134806" "40"               
[4] "0.44"             
[1] "Individuo Actual"  "0.410667065134806" "41"               
[4] "0.42"             
[1] "Individuo Nuevo"   "0.412104081470279" "50"               
[4] "0.42"             
[1] "Individuo Actual"  "0.412104081470279" "51"               
[4] "0.4"              
[1] "Individuo Nuevo"   "0.412104081470279" "60"               
[4] "0.4"              
[1] "Individuo Actual"  "0.412104081470279" "61"               
[4] "0.62"             
[1] "Individuo Nuevo"   "0.415866282228637" "70"               
[4] "0.62"             
[1] "Individuo Actual"  "0.415866282228637" "71"               
[4] "0.36"             
[1] "Individuo Nuevo"   "0.415866282228637" "80"               
[4] "0.36"             
[1] "Individuo Actual"  "0.415866282228637" "81"               
[4] "0.66"             
[1] "Individuo Nuevo"   "0.415866282228637" "90"               
[4] "0.66"             
[1] "Individuo Actual"  "0.415866282228637" "91"               
[4] "0.68"             
[1] "Individuo Nuevo"   "0.415866282228637" "100"              
[4] "0.68"             
[1] "Individuo Actual"  "0.415866282228637" "101"              
[4] "0.7"              
[1] "Individuo Nuevo"   "0.415866282228637" "110"              
[4] "0.7"              
[1] "Individuo Actual"  "0.415866282228637" "111"              
[4] "0.72"             
[1] "Individuo Nuevo"   "0.415866282228637" "120"              
[4] "0.72"             
[1] "Individuo Actual"  "0.415866282228637" "121"              
[4] "0.74"             
[1] "Individuo Nuevo"  "0.41986239920722" "130"              "0.74"            
[1] "Individuo Actual" "0.41986239920722" "131"              "0.24"            
[1] "Individuo Nuevo"  "0.41986239920722" "140"              "0.24"            
[1] "Individuo Actual" "0.41986239920722" "141"              "0.78"            
[1] "Individuo Nuevo"  "0.41986239920722" "150"              "0.78"            
[1] "Individuo Actual" "0.41986239920722" "151"              "0.8"             
[1] "Individuo Nuevo"  "0.41986239920722" "160"              "0.8"             
[1] "Individuo Actual" "0.41986239920722" "161"              "0.82"            
[1] "Individuo Nuevo"  "0.41986239920722" "170"              "0.82"            
[1] "Individuo Actual" "0.41986239920722" "171"              "0.84"            
[1] "Individuo Nuevo"  "0.41986239920722" "180"              "0.84"            
[1] "Individuo Actual" "0.41986239920722" "181"              "0.86"            
[1] "Individuo Nuevo"  "0.41986239920722" "190"              "0.86"            
[1] "Individuo Actual" "0.41986239920722" "191"              "0.88"            
[1] "Individuo Nuevo"  "0.41986239920722" "200"              "0.88"            
[1] "41333.708" "7.772"     "41405.798" "0"         "0"        
[1] "Numero de evaluaciones: " "9000"                    
[1] "0.41986239920722" "7"               
   [1] 1 4 2 3 2 1 3 1 2 3 2 2 2 2 2 3 1 1 4 4 4 2 1 3 1 1 4 2 1 3 4 2 2 2 3 3 2
  [38] 1 1 1 1 2 1 2 3 1 1 3 1 1 1 3 2 3 4 1 1 1 1 2 2 1 2 4 3 1 3 4 1 2 1 1 1 3
  [75] 3 4 1 1 1 1 3 1 1 4 4 1 3 1 2 1 1 4 4 3 1 1 3 2 1 2 1 2 2 1 2 3 1 1 1 1 1
 [112] 2 2 4 3 3 3 1 2 2 2 3 2 2 2 1 3 1 1 2 2 3 3 1 2 1 3 1 2 2 2 1 3 1 3 4 2 1
 [149] 3 4 2 2 3 1 1 1 1 1 4 3 1 3 3 3 2 2 4 1 2 3 3 3 1 3 4 3 2 1 2 2 4 1 2 1 4
 [186] 1 2 1 3 4 2 2 4 2 1 1 2 3 2 1 2 2 3 3 2 3 3 3 1 3 2 2 2 1 1 2 4 2 1 3 1 3
 [223] 1 3 1 2 1 4 3 2 4 2 4 2 2 4 2 2 3 2 2 4 2 2 2 1 2 1 2 3 2 2 4 2 4 1 4 1 2
 [260] 1 2 3 4 3 3 1 1 3 1 1 3 2 4 1 1 1 3 4 1 1 1 3 2 3 3 2 2 2 2 1 4 4 1 3 2 4
 [297] 2 1 1 4 3 3 3 3 4 1 3 1 2 1 4 2 1 1 1 2 1 3 2 3 1 1 2 2 2 4 1 3 3 1 1 3 3
 [334] 2 2 3 1 3 2 3 3 2 4 3 2 1 1 3 3 3 1 3 3 2 3 4 1 2 1 1 2 1 1 3 1 1 3 2 2 1
 [371] 3 2 2 2 4 4 1 1 1 1 1 1 1 4 2 3 1 1 1 3 2 1 1 1 2 4 1 1 1 1 3 1 3 1 1 1 1
 [408] 1 2 1 2 4 3 1 1 3 1 3 2 3 3 2 4 2 1 2 3 2 2 1 2 2 1 1 1 4 2 2 3 1 3 4 2 2
 [445] 2 2 2 2 2 2 1 1 1 3 2 2 1 1 1 4 2 4 1 1 1 2 4 1 1 4 1 1 3 2 2 1 1 4 1 1 4
 [482] 1 2 2 4 1 1 2 1 3 1 1 3 3 2 2 2 3 2 4 2 4 2 1 1 3 4 2 4 1 3 2 1 4 2 3 4 2
 [519] 1 4 3 3 1 1 3 4 1 1 1 4 1 1 1 3 2 2 4 1 2 3 1 2 2 4 3 2 1 2 2 1 1 3 3 1 1
 [556] 3 3 1 3 1 2 2 3 3 1 4 3 2 4 1 4 3 2 3 4 2 4 2 1 1 2 2 1 1 4 1 3 1 1 1 2 1
 [593] 1 2 1 2 2 1 3 1 4 3 3 3 1 3 1 1 4 3 1 1 1 1 4 1 2 1 2 4 4 3 4 3 1 2 1 3 4
 [630] 1 1 1 1 2 1 1 3 2 1 3 3 1 3 2 2 1 1 1 1 1 1 1 2 2 2 1 1 1 1 2 2 1 4 2 4 3
 [667] 4 3 3 1 1 1 1 4 4 1 1 2 1 1 1 2 2 3 1 4 1 4 3 4 1 3 3 1 4 1 2 2 3 1 2 3 2
 [704] 3 3 1 1 1 1 1 1 1 1 1 1 3 2 1 1 3 1 3 1 1 3 3 2 2 3 1 1 2 4 1 3 3 2 1 1 2
 [741] 1 2 4 1 3 1 1 1 3 1 1 4 1 4 4 3 2 2 4 3 3 2 4 4 3 4 1 1 3 3 1 2 1 2 4 3 2
 [778] 1 2 1 1 1 2 3 2 2 2 2 1 3 1 1 2 1 4 1 2 1 1 1 1 1 2 1 1 2 1 2 2 1 4 3 1 2
 [815] 1 3 1 4 1 1 1 2 3 1 1 1 3 2 1 4 2 4 1 1 1 2 4 1 2 2 2 2 1 3 2 3 1 1 4 3 2
 [852] 2 1 1 1 2 1 1 1 3 2 1 1 3 2 3 2 1 2 1 2 1 1 4 3 3 1 4 2 1 1 4 1 3 3 1 2 1
 [889] 1 4 1 3 2 1 1 4 1 1 1 1 3 2 1 1 1 2 1 2 4 1 2 1 1 3 4 2 3 1 1 3 3 3 1 1 3
 [926] 3 3 2 1 1 2 1 3 3 3 2 1 2 2 4 1 3 4 1 2 3 3 1 1 1 1 1 1 1 1 1 2 1 3 1 1 3
 [963] 3 2 2 3 2 1 3 4 1 1 1 1 2 2 4 2 4 3 1 4 3 1 4 3 1 3 2 1 1 3 1 1 3 3 1 1 3
[1000] 3 1 1 2 3 1 1 1 3 2 2 2 2 3 4 1 1 1 1 3 4 3 1 1 4 4 4 2 2 1 1 1 2 1 4 1 3
[1037] 4 1 1 2 1 2 1 2 3 3 1 2 3 1 1 2 3 2 3 1 1 1 2 1 2 2 2 3 1 4 2 2 3 3 4 1 2
[1074] 3 4 3 3 1 2 1 2 1 2 2 2 2 3 2 3 2 2 3 1 2 1 1 1 1 2 2 1 2 4 1 4 1 1 1 3 1
[1111] 1 4 4 4 3 3 3 2 2 1 1 2 4 2 4 4 4 4 2 2 2 4 3 3 1 2 4 3 1 3 2 3 4 1 2 2 4
[1148] 2 3 2 1 2 1 2 2 1 2 2 2 1 2 3 1 1 3 4 2 1 3 1 3 4 2 2 1 1 1 4 1 3 1 1 1 3
[1185] 2 4 3 4 1 1 1 1 1 1 2 1 1 1 1 2
[1] "Numero de evaluaciones: " "45"                      
[1] "1"                 "0.362350642599093" "0.6393"           
[4] "con: "             "0"                 "sin: "            
[7] "0"                 "10"               
[1] "Individuo Nuevo"  "0.39517383758619" "10"               "0.6393"          
[1] "Individuo Actual" "0.39517383758619" "11"               "0.48"            
[1] "Individuo Nuevo"   "0.404008725226008" "20"               
[4] "0.48"             
[1] "Individuo Actual"  "0.404008725226008" "21"               
[4] "0.46"             
[1] "Individuo Nuevo"   "0.415859892086937" "30"               
[4] "0.46"             
[1] "Individuo Actual"  "0.415859892086937" "31"               
[4] "0.44"             
[1] "Individuo Nuevo"   "0.415859892086937" "40"               
[4] "0.44"             
[1] "Individuo Actual"  "0.415859892086937" "41"               
[4] "0.58"             
[1] "Individuo Nuevo"   "0.415859892086937" "50"               
[4] "0.58"             
[1] "Individuo Actual"  "0.415859892086937" "51"               
[4] "0.6"              
[1] "Individuo Nuevo"   "0.415859892086937" "60"               
[4] "0.6"              
[1] "Individuo Actual"  "0.415859892086937" "61"               
[4] "0.62"             
[1] "Individuo Nuevo"   "0.417454903351586" "70"               
[4] "0.62"             
[1] "Individuo Actual"  "0.417454903351586" "71"               
[4] "0.36"             
[1] "Individuo Nuevo"   "0.417454903351586" "80"               
[4] "0.36"             
[1] "Individuo Actual"  "0.417454903351586" "81"               
[4] "0.66"             
[1] "Individuo Nuevo"   "0.417454903351586" "90"               
[4] "0.66"             
[1] "Individuo Actual"  "0.417454903351586" "91"               
[4] "0.68"             
[1] "Individuo Nuevo"   "0.417454903351586" "100"              
[4] "0.68"             
[1] "Individuo Actual"  "0.417454903351586" "101"              
[4] "0.7"              
[1] "Individuo Nuevo"   "0.417454903351586" "110"              
[4] "0.7"              
[1] "Individuo Actual"  "0.417454903351586" "111"              
[4] "0.72"             
[1] "Individuo Nuevo"   "0.417454903351586" "120"              
[4] "0.72"             
[1] "Individuo Actual"  "0.417454903351586" "121"              
[4] "0.74"             
[1] "Individuo Nuevo"   "0.417454903351586" "130"              
[4] "0.74"             
[1] "Individuo Actual"  "0.417454903351586" "131"              
[4] "0.76"             
[1] "Individuo Nuevo"   "0.418425943946767" "140"              
[4] "0.76"             
[1] "Individuo Actual"  "0.418425943946767" "141"              
[4] "0.22"             
[1] "Individuo Nuevo"   "0.418425943946767" "150"              
[4] "0.22"             
[1] "Individuo Actual"  "0.418425943946767" "151"              
[4] "0.8"              
[1] "Individuo Nuevo"   "0.418425943946767" "160"              
[4] "0.8"              
[1] "Individuo Actual"  "0.418425943946767" "161"              
[4] "0.82"             
[1] "Individuo Nuevo"   "0.418425943946767" "170"              
[4] "0.82"             
[1] "Individuo Actual"  "0.418425943946767" "171"              
[4] "0.84"             
[1] "Individuo Nuevo"   "0.418425943946767" "180"              
[4] "0.84"             
[1] "Individuo Actual"  "0.418425943946767" "181"              
[4] "0.86"             
[1] "Individuo Nuevo"   "0.418425943946767" "190"              
[4] "0.86"             
[1] "Individuo Actual"  "0.418425943946767" "191"              
[4] "0.88"             
[1] "Individuo Nuevo"   "0.418425943946767" "200"              
[4] "0.88"             
[1] "40049.453" "3.387"     "40113.046" "0"         "0"        
[1] "Numero de evaluaciones: " "9000"                    
[1] "0.418425943946767" "8"                
   [1] 1 3 3 4 2 1 4 1 3 4 2 2 2 2 2 4 1 1 3 3 3 2 1 4 1 4 3 2 4 4 3 2 2 2 4 4 2
  [38] 4 1 1 1 2 1 2 4 1 1 4 4 1 1 4 2 4 3 1 1 1 1 2 3 1 2 3 4 1 4 4 4 2 1 1 1 4
  [75] 3 4 1 1 1 1 4 1 1 3 4 1 4 1 2 1 4 3 3 4 1 1 4 3 1 1 1 2 3 1 2 4 1 1 1 1 1
 [112] 2 2 4 4 4 4 1 2 2 2 4 2 2 2 1 4 4 1 1 2 4 4 1 2 4 4 4 2 2 2 1 4 1 3 3 2 1
 [149] 4 3 2 2 4 1 1 1 1 1 3 4 1 1 4 4 2 3 3 1 2 4 3 4 4 4 3 4 2 1 2 2 4 1 2 1 3
 [186] 1 2 4 4 3 2 2 3 2 1 1 2 4 2 1 2 2 4 4 2 4 4 4 1 4 2 3 2 1 1 2 3 2 1 4 1 4
 [223] 1 4 4 2 1 3 4 2 3 2 3 2 2 3 2 2 3 3 2 3 3 2 2 1 3 4 2 4 2 2 3 2 3 4 3 1 2
 [260] 4 2 4 3 4 4 4 1 4 4 1 4 2 3 4 1 4 4 3 1 1 1 4 2 4 4 2 2 1 2 4 3 3 1 4 3 3
 [297] 2 1 1 3 3 4 4 4 3 1 3 1 2 1 3 2 1 1 1 2 1 4 2 3 4 1 2 2 2 3 1 3 4 1 1 4 3
 [334] 2 4 4 4 4 4 4 4 2 3 4 2 1 1 4 4 4 4 4 4 2 2 3 1 2 1 1 2 1 4 4 1 1 4 2 2 1
 [371] 4 2 2 2 3 3 1 1 1 4 1 1 1 4 2 2 1 1 1 4 2 1 1 1 2 3 1 1 1 1 4 1 3 1 1 1 1
 [408] 1 2 4 2 3 4 1 4 4 1 4 2 4 4 2 3 2 1 2 3 2 1 1 2 2 1 1 1 3 2 2 4 1 4 3 2 2
 [445] 2 2 2 2 2 3 1 1 1 4 2 2 1 1 1 3 2 3 1 1 4 2 3 1 1 3 1 1 4 2 2 1 1 3 1 1 4
 [482] 1 2 2 2 1 1 2 1 4 1 1 4 4 1 2 2 4 2 3 2 3 2 1 1 4 3 2 3 4 4 4 4 3 2 4 3 2
 [519] 1 3 2 4 1 1 4 3 1 1 1 3 4 4 4 4 2 1 3 1 1 4 1 2 2 3 4 2 1 2 2 1 1 4 4 4 1
 [556] 3 4 1 3 1 1 2 4 3 1 3 4 2 3 1 3 4 3 4 3 2 3 2 1 1 4 1 1 1 3 1 4 1 1 1 2 4
 [593] 1 2 1 2 2 1 4 1 3 3 4 4 1 4 1 1 3 4 1 1 1 1 3 1 2 1 2 4 3 4 3 4 1 2 1 4 3
 [630] 1 1 1 4 2 4 1 4 2 1 4 4 1 4 2 2 1 4 1 1 1 1 1 3 2 2 4 1 1 1 2 2 1 3 2 3 2
 [667] 3 3 4 4 4 1 1 3 3 1 1 2 1 1 1 2 1 4 4 3 1 3 4 3 1 2 4 4 3 1 3 2 4 1 2 4 2
 [704] 4 4 4 1 1 1 1 4 4 1 1 4 4 2 1 4 4 1 2 1 1 4 4 2 2 4 1 1 2 3 4 2 4 2 1 1 2
 [741] 1 3 3 1 4 1 4 1 4 1 1 3 1 3 3 4 2 2 3 4 4 2 3 3 2 3 1 1 3 4 1 2 1 2 3 3 2
 [778] 1 2 1 4 1 2 3 2 4 2 2 1 4 1 4 2 1 3 1 2 1 1 1 1 1 2 1 1 2 1 2 2 1 3 2 1 2
 [815] 1 2 1 3 1 1 1 1 4 1 1 1 4 2 4 3 2 3 1 1 1 2 3 1 2 2 2 2 1 4 2 4 4 1 2 4 2
 [852] 4 1 1 1 2 1 1 1 4 2 1 1 4 2 3 3 4 2 1 2 4 1 3 4 4 1 3 2 1 1 3 1 4 4 1 2 1
 [889] 1 3 4 4 2 1 1 3 1 1 1 1 4 2 1 1 1 2 1 3 3 4 2 1 1 4 3 2 4 4 1 4 4 4 1 1 4
 [926] 4 3 2 1 1 2 4 4 4 3 2 1 3 2 3 1 4 3 1 2 4 3 4 1 1 1 1 1 1 1 1 2 1 3 1 1 4
 [963] 4 2 1 4 2 4 4 3 4 4 4 1 2 3 3 2 3 3 4 3 4 1 4 3 1 4 2 1 1 2 1 1 4 4 1 1 4
[1000] 4 4 1 2 4 1 1 1 4 2 3 2 2 4 3 1 1 1 1 4 3 4 1 4 3 3 4 2 2 1 4 1 2 1 2 1 4
[1037] 3 4 1 2 1 2 1 2 4 4 1 2 4 1 1 2 4 2 4 1 1 1 2 1 2 2 2 4 1 2 2 2 4 4 3 1 2
[1074] 4 3 4 4 1 2 1 3 1 2 2 2 2 4 3 4 3 2 4 1 3 1 4 1 1 1 2 1 2 2 1 3 1 1 4 4 1
[1111] 1 3 3 3 4 4 4 2 2 1 1 2 3 2 3 3 3 3 2 2 2 3 4 4 1 2 3 4 1 4 2 4 3 1 2 2 3
[1148] 4 4 2 1 2 1 2 2 1 2 2 2 4 2 2 1 1 4 2 2 1 4 1 4 2 1 2 1 1 1 3 1 4 1 3 1 4
[1185] 2 3 4 3 1 1 1 1 1 1 2 1 1 1 4 3
[1] "Numero de evaluaciones: " "45"                      
[1] "1"                 "0.347715076870233" "0.3746"           
[4] "con: "             "0"                 "sin: "            
[7] "0"                 "10"               
[1] "Individuo Nuevo"   "0.411718143016156" "10"               
[4] "0.3746"           
[1] "Individuo Actual"  "0.411718143016156" "11"               
[4] "0.48"             
[1] "Individuo Nuevo"   "0.415654577957725" "20"               
[4] "0.48"             
[1] "Individuo Actual"  "0.415654577957725" "21"               
[4] "0.46"             
[1] "Individuo Nuevo"   "0.416335600013218" "30"               
[4] "0.46"             
[1] "Individuo Actual"  "0.416335600013218" "31"               
[4] "0.44"             
[1] "Individuo Nuevo"   "0.416335600013218" "40"               
[4] "0.44"             
[1] "Individuo Actual"  "0.416335600013218" "41"               
[4] "0.58"             
[1] "Individuo Nuevo"   "0.416335600013218" "50"               
[4] "0.58"             
[1] "Individuo Actual"  "0.416335600013218" "51"               
[4] "0.6"              
[1] "Individuo Nuevo"   "0.416335600013218" "60"               
[4] "0.6"              
[1] "Individuo Actual"  "0.416335600013218" "61"               
[4] "0.62"             
[1] "Individuo Nuevo"   "0.416335600013218" "70"               
[4] "0.62"             
[1] "Individuo Actual"  "0.416335600013218" "71"               
[4] "0.64"             
[1] "Individuo Nuevo"   "0.416335600013218" "80"               
[4] "0.64"             
[1] "Individuo Actual"  "0.416335600013218" "81"               
[4] "0.66"             
[1] "Individuo Nuevo"   "0.416335600013218" "90"               
[4] "0.66"             
[1] "Individuo Actual"  "0.416335600013218" "91"               
[4] "0.68"             
[1] "Individuo Nuevo"   "0.416335600013218" "100"              
[4] "0.68"             
[1] "Individuo Actual"  "0.416335600013218" "101"              
[4] "0.7"              
[1] "Individuo Nuevo"   "0.416335600013218" "110"              
[4] "0.7"              
[1] "Individuo Actual"  "0.416335600013218" "111"              
[4] "0.72"             
[1] "Individuo Nuevo"   "0.416335600013218" "120"              
[4] "0.72"             
[1] "Individuo Actual"  "0.416335600013218" "121"              
[4] "0.74"             
[1] "Individuo Nuevo"   "0.416335600013218" "130"              
[4] "0.74"             
[1] "Individuo Actual"  "0.416335600013218" "131"              
[4] "0.76"             
[1] "Individuo Nuevo"   "0.418953660918241" "140"              
[4] "0.76"             
[1] "Individuo Actual"  "0.418953660918241" "141"              
[4] "0.22"             
[1] "Individuo Nuevo"   "0.418953660918241" "150"              
[4] "0.22"             
[1] "Individuo Actual"  "0.418953660918241" "151"              
[4] "0.8"              
[1] "Individuo Nuevo"   "0.418953660918241" "160"              
[4] "0.8"              
[1] "Individuo Actual"  "0.418953660918241" "161"              
[4] "0.82"             
[1] "Individuo Nuevo"   "0.418953660918241" "170"              
[4] "0.82"             
[1] "Individuo Actual"  "0.418953660918241" "171"              
[4] "0.84"             
[1] "Individuo Nuevo"   "0.418953660918241" "180"              
[4] "0.84"             
[1] "Individuo Actual"  "0.418953660918241" "181"              
[4] "0.86"             
[1] "Individuo Nuevo"   "0.418953660918241" "190"              
[4] "0.86"             
[1] "Individuo Actual"  "0.418953660918241" "191"              
[4] "0.88"             
[1] "Individuo Nuevo"   "0.418953660918241" "200"              
[4] "0.88"             
[1] "39057.982" "1.782"     "39115.01"  "0"         "0"        
[1] "Numero de evaluaciones: " "9000"                    
[1] "0.418953660918241" "30"               
   [1] 1 2 2 3 4 1 3 1 2 3 4 4 4 4 4 3 1 1 3 2 2 2 1 3 1 3 3 4 1 3 3 4 4 4 3 3 4
  [38] 1 1 1 1 3 1 4 3 1 1 3 3 1 1 3 4 3 2 1 1 1 1 4 2 1 4 2 3 1 3 2 1 4 1 1 1 3
  [75] 3 2 1 1 1 1 3 1 1 2 3 1 3 1 4 1 1 2 2 3 1 1 3 2 1 4 1 4 2 1 4 3 1 1 1 1 1
 [112] 4 4 3 3 3 3 1 4 4 4 3 4 4 4 1 3 3 1 4 4 3 3 1 4 1 3 3 4 4 4 1 3 1 2 2 4 1
 [149] 3 3 4 4 3 1 1 1 1 1 3 3 1 1 3 3 4 2 2 1 2 3 3 3 3 3 2 3 4 1 4 4 3 1 2 1 2
 [186] 1 4 3 3 2 4 4 2 4 1 1 4 3 2 1 3 4 3 3 4 3 3 3 1 3 4 2 2 1 1 4 3 4 1 3 1 3
 [223] 1 3 1 4 1 2 3 2 2 4 2 4 4 3 4 2 3 2 3 2 2 4 4 1 2 3 3 3 4 4 2 4 2 3 2 1 4
 [260] 3 4 3 3 3 3 1 1 3 1 1 3 4 2 1 1 1 3 2 1 1 1 3 4 3 3 4 4 4 4 3 3 2 1 3 2 2
 [297] 4 1 1 2 3 3 3 3 2 1 3 1 4 1 3 4 1 1 1 4 1 3 4 3 3 1 4 4 4 2 1 3 3 1 1 3 3
 [334] 4 3 3 1 3 4 3 3 4 2 3 4 1 1 3 3 3 3 3 3 4 3 3 1 2 1 1 4 1 1 3 1 1 3 4 4 1
 [371] 3 4 4 4 2 2 1 1 1 3 1 1 1 3 4 3 1 1 1 3 4 1 1 1 4 2 1 1 1 1 3 1 3 1 1 1 1
 [408] 1 4 3 4 2 3 1 3 3 1 3 2 3 3 2 2 4 1 4 3 4 4 1 4 4 1 1 1 2 4 4 3 1 3 3 2 4
 [445] 4 4 4 4 4 2 1 1 1 3 4 4 1 4 1 2 4 2 1 1 1 4 2 1 1 2 1 4 3 4 4 1 1 2 1 1 2
 [482] 1 4 4 1 1 1 4 1 3 1 1 3 3 4 2 4 3 4 2 4 2 4 1 1 3 2 4 2 3 3 4 3 2 4 3 3 2
 [519] 1 2 4 3 4 1 3 2 1 1 1 2 1 1 3 3 4 4 2 1 4 3 1 4 4 2 3 4 1 4 4 1 1 3 3 3 1
 [556] 2 3 1 3 1 4 4 3 3 1 2 3 4 2 1 3 3 2 3 3 4 2 4 1 1 2 4 1 1 2 1 3 1 1 1 4 1
 [593] 1 4 1 3 4 1 3 1 2 3 3 3 1 3 1 1 3 3 1 1 1 1 2 1 4 1 4 3 2 3 2 3 1 4 4 3 2
 [630] 1 1 1 1 4 1 1 3 4 1 3 3 1 1 4 4 1 3 1 1 1 4 1 2 4 4 3 1 1 1 4 4 1 2 4 2 4
 [667] 2 2 3 3 3 1 1 2 2 1 1 4 1 1 1 4 4 3 1 3 1 2 3 3 1 3 3 1 3 1 2 4 3 1 4 3 4
 [704] 3 3 1 1 1 1 1 3 2 1 1 1 3 4 1 1 3 4 4 1 1 3 3 4 4 3 1 1 4 3 3 3 3 4 1 1 4
 [741] 1 2 2 1 3 1 3 1 3 1 1 2 1 2 3 3 4 4 2 3 3 3 3 2 3 3 1 1 3 3 1 4 1 4 2 3 4
 [778] 1 4 1 3 1 4 3 4 3 2 4 1 3 1 1 4 1 3 1 2 1 1 1 1 1 2 1 1 4 1 4 4 1 2 3 1 4
 [815] 1 4 1 3 1 1 1 4 3 1 1 1 3 4 3 3 3 3 1 1 1 4 3 1 4 4 4 4 1 3 4 3 1 1 3 3 4
 [852] 4 1 1 1 4 1 1 1 3 4 1 1 3 4 3 2 3 4 1 4 1 1 3 3 3 1 2 3 1 1 2 1 3 3 1 4 1
 [889] 1 3 1 3 4 1 1 3 1 1 1 1 3 4 1 1 1 4 1 2 3 1 4 1 1 3 3 4 3 1 1 3 3 3 1 4 3
 [926] 3 3 4 1 1 4 1 3 3 3 4 1 2 4 3 1 3 2 1 4 3 3 3 1 1 1 1 1 1 1 1 4 1 3 1 1 3
 [963] 3 4 4 3 4 1 3 2 3 3 1 1 4 2 2 4 2 2 4 3 3 1 3 2 1 3 4 1 1 2 1 1 3 3 1 1 3
[1000] 3 3 1 4 3 1 1 1 3 4 2 4 4 3 3 1 1 1 4 3 2 3 1 3 3 2 3 4 4 1 3 1 4 1 2 1 3
[1037] 2 3 1 4 1 4 1 4 3 3 1 4 3 1 1 4 3 4 3 1 1 1 2 1 2 4 4 3 1 3 4 4 3 3 2 1 4
[1074] 3 3 3 3 1 4 1 1 1 4 4 4 1 3 2 3 4 4 3 1 2 1 1 1 1 4 4 1 4 3 1 2 1 1 1 3 1
[1111] 1 2 2 3 3 3 3 4 4 1 1 4 3 4 3 2 2 3 4 4 4 2 3 3 1 4 2 3 1 3 4 3 2 1 2 4 3
[1148] 4 3 4 1 4 1 4 4 1 4 4 4 3 4 3 1 1 3 3 4 1 3 1 3 3 4 4 1 1 1 2 1 3 1 1 1 3
[1185] 4 3 3 4 1 1 1 1 1 1 4 1 1 1 3 2
[1] "Numero de evaluaciones: " "45"                      
[1] "1"                "0.35503590937557" "0.7797"           "con: "           
[5] "0"                "sin: "            "0"                "10"              
[1] "Individuo Nuevo"   "0.427834637957238" "10"               
[4] "0.7797"           
[1] "Individuo Actual"  "0.427834637957238" "11"               
[4] "0.48"             
[1] "Individuo Nuevo"   "0.427834637957238" "20"               
[4] "0.48"             
[1] "Individuo Actual"  "0.427834637957238" "21"               
[4] "0.54"             
[1] "Individuo Nuevo"   "0.427834637957238" "30"               
[4] "0.54"             
[1] "Individuo Actual"  "0.427834637957238" "31"               
[4] "0.56"             
[1] "Individuo Nuevo"   "0.427834637957238" "40"               
[4] "0.56"             
[1] "Individuo Actual"  "0.427834637957238" "41"               
[4] "0.58"             
[1] "Individuo Nuevo"   "0.427834637957238" "50"               
[4] "0.58"             
[1] "Individuo Actual"  "0.427834637957238" "51"               
[4] "0.6"              
[1] "Individuo Nuevo"   "0.427834637957238" "60"               
[4] "0.6"              
[1] "Individuo Actual"  "0.427834637957238" "61"               
[4] "0.62"             
[1] "Individuo Nuevo"   "0.427834637957238" "70"               
[4] "0.62"             
[1] "Individuo Actual"  "0.427834637957238" "71"               
[4] "0.64"             
[1] "Individuo Nuevo"   "0.427834637957238" "80"               
[4] "0.64"             
[1] "Individuo Actual"  "0.427834637957238" "81"               
[4] "0.66"             
[1] "Individuo Nuevo"   "0.427834637957238" "90"               
[4] "0.66"             
[1] "Individuo Actual"  "0.427834637957238" "91"               
[4] "0.68"             
[1] "Individuo Nuevo"   "0.427834637957238" "100"              
[4] "0.68"             
[1] "Individuo Actual"  "0.427834637957238" "101"              
[4] "0.7"              
[1] "Individuo Nuevo"   "0.427834637957238" "110"              
[4] "0.7"              
[1] "Individuo Actual"  "0.427834637957238" "111"              
[4] "0.72"             
[1] "Individuo Nuevo"   "0.427834637957238" "120"              
[4] "0.72"             
[1] "Individuo Actual"  "0.427834637957238" "121"              
[4] "0.74"             
[1] "Individuo Nuevo"   "0.427834637957238" "130"              
[4] "0.74"             
[1] "Individuo Actual"  "0.427834637957238" "131"              
[4] "0.76"             
[1] "Individuo Nuevo"   "0.427834637957238" "140"              
[4] "0.76"             
[1] "Individuo Actual"  "0.427834637957238" "141"              
[4] "0.78"             
[1] "Individuo Nuevo"   "0.427834637957238" "150"              
[4] "0.78"             
[1] "Individuo Actual"  "0.427834637957238" "151"              
[4] "0.8"              
[1] "Individuo Nuevo"   "0.427834637957238" "160"              
[4] "0.8"              
[1] "Individuo Actual"  "0.427834637957238" "161"              
[4] "0.82"             
[1] "Individuo Nuevo"   "0.427834637957238" "170"              
[4] "0.82"             
[1] "Individuo Actual"  "0.427834637957238" "171"              
[4] "0.84"             
[1] "Individuo Nuevo"   "0.427834637957238" "180"              
[4] "0.84"             
[1] "Individuo Actual"  "0.427834637957238" "181"              
[4] "0.86"             
[1] "Individuo Nuevo"   "0.427834637957238" "190"              
[4] "0.86"             
[1] "Individuo Actual"  "0.427834637957238" "191"              
[4] "0.88"             
[1] "Individuo Nuevo"   "0.427834637957238" "200"              
[4] "0.88"             
[1] "38126.875" "1.214"     "38187.606" "0"         "0"        
[1] "Numero de evaluaciones: " "9000"                    
[1] "0.427834637957238" "33"               
   [1] 1 3 4 3 4 1 3 1 4 3 4 4 4 4 4 3 1 1 3 3 3 3 1 2 1 1 3 4 1 3 3 4 4 4 3 3 4
  [38] 1 1 1 1 4 1 4 3 1 1 3 1 1 1 3 4 3 2 1 1 1 1 4 3 1 4 3 3 1 1 3 1 4 1 1 1 3
  [75] 3 3 1 1 1 1 3 1 1 3 3 1 3 1 4 1 1 3 2 1 1 1 3 3 1 4 1 4 3 1 4 3 1 1 1 1 1
 [112] 4 4 3 3 3 3 1 4 4 4 3 4 4 4 1 3 3 1 4 4 3 3 1 4 1 3 3 4 4 4 1 3 1 2 2 4 1
 [149] 3 3 4 4 3 1 1 1 1 1 3 3 1 1 3 3 4 2 3 1 4 3 2 3 1 3 2 3 4 1 4 4 3 1 4 1 3
 [186] 1 4 3 3 3 4 4 2 4 1 1 4 3 4 1 4 4 3 3 4 3 3 3 1 3 4 4 4 1 1 4 2 4 1 3 1 3
 [223] 1 3 1 4 1 2 3 4 2 4 3 4 4 3 4 4 2 2 3 2 4 4 4 1 4 1 4 3 4 4 2 4 3 1 2 1 4
 [260] 1 4 3 2 3 3 1 1 3 1 1 3 4 3 1 1 1 3 3 1 1 1 3 4 3 3 4 4 3 4 3 3 4 1 3 2 2
 [297] 4 1 1 2 2 3 3 3 2 1 2 1 4 1 3 4 1 1 1 3 1 3 4 3 1 1 4 4 4 2 1 3 3 1 1 3 3
 [334] 4 3 3 1 3 3 3 3 4 2 1 4 1 1 3 3 3 1 3 3 4 3 3 1 4 1 1 4 1 1 3 1 1 3 4 4 1
 [371] 2 4 4 4 2 2 1 1 1 3 1 1 1 3 4 4 1 1 1 2 4 1 1 1 4 3 1 1 1 1 3 1 3 1 1 1 1
 [408] 1 4 1 4 3 3 1 1 3 1 3 4 3 1 4 2 4 1 4 3 4 4 1 4 4 1 1 1 3 4 3 3 1 3 2 4 4
 [445] 4 4 4 4 4 3 1 1 1 1 4 4 1 1 1 2 4 3 1 1 1 4 3 1 1 2 1 3 3 4 4 1 1 2 1 1 3
 [482] 1 4 4 4 1 1 4 1 3 1 1 3 3 4 4 4 3 4 2 4 2 4 1 1 3 2 4 2 3 3 3 1 3 4 3 3 4
 [519] 1 3 4 3 1 1 3 3 1 1 1 2 1 1 3 3 4 4 2 1 4 3 1 4 4 3 3 3 1 4 4 1 1 2 3 3 1
 [556] 3 2 1 3 1 4 4 4 3 1 2 3 4 2 1 3 3 2 3 3 4 2 4 1 1 3 4 1 1 3 1 3 1 1 1 4 1
 [593] 1 4 1 4 4 1 3 1 2 2 3 3 1 3 1 1 3 3 1 1 1 1 3 1 4 1 4 3 3 3 3 3 1 4 4 3 2
 [630] 1 1 1 1 4 1 1 3 4 1 3 2 1 3 4 4 1 3 1 1 1 1 1 2 4 4 1 1 1 1 4 4 1 2 4 2 3
 [667] 2 2 3 1 1 1 1 2 3 1 1 4 1 1 1 4 4 1 1 2 1 2 3 3 1 4 3 1 3 1 4 4 3 1 4 3 4
 [704] 3 3 1 1 1 1 1 1 3 1 1 1 3 4 1 1 3 4 4 1 1 3 3 4 4 3 1 1 4 2 3 4 3 4 1 1 4
 [741] 1 4 2 1 3 1 1 1 3 1 1 2 1 3 3 3 4 4 3 2 3 4 3 2 3 3 1 1 2 3 1 4 1 4 2 2 4
 [778] 1 4 1 3 1 4 2 4 3 4 4 1 2 1 1 4 1 3 1 4 1 1 1 1 1 4 1 1 4 1 4 4 1 3 3 1 4
 [815] 1 4 1 2 1 1 1 4 3 3 1 1 3 4 3 3 4 4 1 1 1 4 2 1 4 4 4 4 1 3 4 3 1 1 4 3 4
 [852] 3 1 1 1 4 1 1 1 3 4 1 1 3 4 2 3 3 4 1 4 1 1 2 3 3 1 2 2 1 1 2 1 3 3 1 4 1
 [889] 1 2 1 3 4 1 1 3 1 1 1 1 3 4 1 1 1 4 1 2 2 1 4 1 1 3 2 4 3 1 1 3 3 3 1 1 1
 [926] 3 3 4 1 1 4 1 1 3 2 4 1 2 4 3 1 3 2 1 4 2 2 1 1 1 1 1 1 1 1 1 4 1 2 1 1 3
 [963] 3 4 4 3 4 1 3 2 3 3 1 1 4 2 2 4 2 3 3 3 3 1 3 2 1 3 4 1 1 2 1 1 3 3 1 1 1
[1000] 3 1 1 4 3 1 1 1 1 4 2 4 4 3 4 1 1 1 1 3 2 3 1 1 3 3 3 4 4 1 1 1 4 1 4 1 3
[1037] 2 1 1 4 1 4 1 4 3 3 1 4 3 1 1 4 1 4 3 1 1 1 4 1 3 4 4 3 1 4 4 4 3 3 4 1 4
[1074] 3 2 3 3 1 4 1 4 1 4 4 4 4 1 2 3 2 4 3 1 2 1 1 1 1 4 4 1 4 4 1 2 1 1 1 3 1
[1111] 1 2 2 2 3 3 3 4 4 1 1 4 2 4 3 2 2 2 4 4 4 3 3 3 1 4 2 1 1 3 4 3 3 1 4 4 2
[1148] 3 3 4 1 4 1 4 4 1 4 4 4 1 4 4 1 1 3 2 4 1 1 1 2 4 4 4 1 1 1 3 1 3 1 1 1 3
[1185] 4 3 3 4 1 1 1 1 1 1 4 1 1 1 1 4
[1] "Numero de evaluaciones: " "45"                      
[1] "1"                 "0.357818269706266" "0.3719"           
[4] "con: "             "0"                 "sin: "            
[7] "0"                 "10"               
[1] "Individuo Nuevo"   "0.405144514357884" "10"               
[4] "0.3719"           
[1] "Individuo Actual"  "0.405144514357884" "11"               
[4] "0.48"             
[1] "Individuo Nuevo"   "0.410230473478716" "20"               
[4] "0.48"             
[1] "Individuo Actual"  "0.410230473478716" "21"               
[4] "0.46"             
[1] "Individuo Nuevo"  "0.41359548203805" "30"               "0.46"            
[1] "Individuo Actual" "0.41359548203805" "31"               "0.44"            
[1] "Individuo Nuevo"  "0.41359548203805" "40"               "0.44"            
[1] "Individuo Actual" "0.41359548203805" "41"               "0.58"            
[1] "Individuo Nuevo"  "0.41359548203805" "50"               "0.58"            
[1] "Individuo Actual" "0.41359548203805" "51"               "0.6"             
[1] "Individuo Nuevo"  "0.41359548203805" "60"               "0.6"             
[1] "Individuo Actual" "0.41359548203805" "61"               "0.62"            
[1] "Individuo Nuevo"  "0.41359548203805" "70"               "0.62"            
[1] "Individuo Actual" "0.41359548203805" "71"               "0.64"            
[1] "Individuo Nuevo"  "0.41359548203805" "80"               "0.64"            
[1] "Individuo Actual" "0.41359548203805" "81"               "0.66"            
[1] "Individuo Nuevo"  "0.41359548203805" "90"               "0.66"            
[1] "Individuo Actual" "0.41359548203805" "91"               "0.68"            
[1] "Individuo Nuevo"  "0.41359548203805" "100"              "0.68"            
[1] "Individuo Actual" "0.41359548203805" "101"              "0.7"             
[1] "Individuo Nuevo"  "0.41359548203805" "110"              "0.7"             
[1] "Individuo Actual" "0.41359548203805" "111"              "0.72"            
[1] "Individuo Nuevo"  "0.41359548203805" "120"              "0.72"            
[1] "Individuo Actual" "0.41359548203805" "121"              "0.74"            
[1] "Individuo Nuevo"  "0.41359548203805" "130"              "0.74"            
[1] "Individuo Actual" "0.41359548203805" "131"              "0.76"            
[1] "Individuo Nuevo"  "0.41359548203805" "140"              "0.76"            
[1] "Individuo Actual" "0.41359548203805" "141"              "0.78"            
[1] "Individuo Nuevo"   "0.413797681076128" "150"              
[4] "0.78"             
[1] "Individuo Actual"  "0.413797681076128" "151"              
[4] "0.2"              
[1] "Individuo Nuevo"   "0.413797681076128" "160"              
[4] "0.2"              
[1] "Individuo Actual"  "0.413797681076128" "161"              
[4] "0.82"             
[1] "Individuo Nuevo"   "0.413797681076128" "170"              
[4] "0.82"             
[1] "Individuo Actual"  "0.413797681076128" "171"              
[4] "0.84"             
[1] "Individuo Nuevo"   "0.413797681076128" "180"              
[4] "0.84"             
[1] "Individuo Actual"  "0.413797681076128" "181"              
[4] "0.86"             
[1] "Individuo Nuevo"   "0.413797681076128" "190"              
[4] "0.86"             
[1] "Individuo Actual"  "0.413797681076128" "191"              
[4] "0.88"             
[1] "Individuo Nuevo"   "0.413797681076128" "200"              
[4] "0.88"             
[1] "36173.468" "0.167"     "36231.83"  "0"         "0"        
[1] "Numero de evaluaciones: " "9000"                    
[1] "0.413797681076128" "40"               
   [1] 1 4 4 3 2 1 3 1 4 4 2 2 2 2 2 3 1 1 4 4 4 2 1 3 1 3 4 2 3 4 4 2 2 2 4 3 2
  [38] 3 1 3 1 2 1 2 3 1 3 3 3 1 1 3 2 3 4 1 1 1 1 2 4 1 2 4 3 3 3 4 3 2 1 1 1 3
  [75] 4 4 1 1 1 3 3 1 1 4 4 1 3 1 2 1 3 4 4 3 3 1 4 4 1 2 1 2 4 1 2 4 1 1 1 1 1
 [112] 2 2 4 3 3 3 1 2 2 2 3 2 2 2 3 3 3 1 2 2 4 3 1 2 3 3 3 2 2 2 1 3 1 4 4 2 1
 [149] 3 4 2 2 3 1 1 1 3 1 4 3 1 3 3 3 2 4 4 1 4 3 3 3 3 3 4 3 2 3 2 2 4 1 4 1 4
 [186] 1 2 3 4 4 2 2 4 2 1 1 2 3 2 1 2 2 3 3 2 3 3 3 1 3 2 4 4 1 1 2 4 2 1 3 1 3
 [223] 1 3 3 2 1 4 3 2 4 2 4 2 2 4 2 2 4 4 2 4 4 2 2 1 4 3 2 4 2 2 4 2 4 3 4 1 2
 [260] 3 2 3 3 3 3 3 3 3 3 1 3 2 4 3 1 3 3 4 3 1 1 3 2 3 3 2 2 2 2 3 4 4 1 3 4 4
 [297] 2 1 1 4 4 4 3 3 4 1 4 1 2 1 4 2 1 1 1 2 1 3 2 4 3 1 2 2 2 4 3 4 3 3 2 4 4
 [334] 2 4 3 3 3 2 3 4 2 4 3 2 1 1 4 3 3 3 3 3 2 3 4 1 4 3 1 2 1 3 4 3 1 3 2 2 1
 [371] 3 2 2 2 4 4 1 1 3 3 1 1 1 4 2 3 1 1 1 3 2 1 1 1 2 4 1 1 1 1 4 1 4 1 1 1 1
 [408] 1 2 3 2 4 4 1 3 3 1 3 2 3 3 2 4 2 1 2 4 2 1 1 2 2 1 2 1 4 2 2 3 1 3 4 4 2
 [445] 2 2 2 2 2 4 1 1 1 3 2 2 1 2 1 4 2 4 1 1 3 2 4 1 1 4 1 2 3 2 2 1 3 4 3 1 4
 [482] 1 2 2 1 1 1 2 1 3 3 1 3 3 2 2 2 3 2 4 2 4 2 1 1 4 4 2 4 3 3 2 3 4 2 3 4 4
 [519] 1 4 3 3 2 1 4 4 1 1 1 4 3 3 3 3 2 2 4 1 2 3 1 2 2 4 3 2 1 2 2 3 1 3 3 3 1
 [556] 4 3 1 4 1 2 2 3 4 1 4 4 2 4 1 4 2 4 3 4 2 4 2 3 1 4 2 3 1 4 1 3 1 1 1 2 3
 [593] 1 2 1 2 2 1 3 1 4 4 3 3 1 3 1 1 4 3 3 1 1 1 4 1 2 1 2 4 4 3 4 3 1 2 2 3 4
 [630] 3 1 1 3 2 3 1 4 2 1 3 3 1 1 2 2 1 3 1 1 1 2 1 4 2 2 3 1 1 1 2 2 1 4 2 4 2
 [667] 4 4 3 3 3 1 1 4 4 1 1 2 1 1 1 2 2 3 3 4 1 4 3 4 1 2 3 1 4 1 4 2 4 1 2 3 2
 [704] 3 3 3 1 1 1 1 3 4 1 3 3 3 2 1 3 3 2 2 1 1 3 3 2 2 3 1 1 2 4 3 2 3 2 1 1 2
 [741] 3 4 4 1 3 1 3 3 3 1 1 4 3 4 4 3 2 2 4 3 3 2 4 4 2 4 2 1 4 3 1 2 1 2 4 4 2
 [778] 1 2 1 3 1 2 4 2 2 2 2 1 3 1 3 2 3 4 1 2 1 1 3 1 3 2 1 1 2 1 2 2 1 4 2 1 2
 [815] 3 2 3 4 3 1 1 2 3 3 1 1 3 2 3 4 2 4 1 1 1 2 4 1 2 2 2 2 1 3 2 3 3 1 4 3 2
 [852] 2 1 1 1 2 1 1 1 3 2 1 1 3 2 3 4 3 2 1 2 3 3 4 3 3 1 4 2 1 1 4 1 3 3 1 2 1
 [889] 3 4 3 4 2 3 1 4 1 1 1 1 3 2 1 1 1 2 1 4 4 3 2 3 1 3 4 2 4 3 1 3 3 3 1 2 3
 [926] 3 4 2 1 1 2 3 3 3 4 2 1 4 2 4 1 3 4 1 2 3 3 3 1 3 3 1 1 1 1 1 2 1 3 1 1 3
 [963] 3 2 2 3 2 3 2 4 3 3 3 3 2 4 4 2 4 4 3 4 3 1 4 4 1 3 2 1 1 2 1 1 4 3 1 1 3
[1000] 4 3 3 2 3 1 1 1 3 2 4 2 2 3 4 3 1 1 2 3 4 3 1 3 4 4 4 2 2 1 3 1 2 1 4 1 3
[1037] 4 3 1 2 2 2 1 2 3 3 1 2 3 1 3 2 3 2 4 1 1 1 2 1 2 2 2 3 1 4 2 2 4 4 4 1 2
[1074] 3 4 4 3 1 2 2 1 1 2 2 2 2 3 4 3 4 2 3 1 4 1 3 3 3 2 2 1 2 4 1 4 1 1 3 3 1
[1111] 3 4 4 4 3 3 3 2 2 1 1 2 4 2 4 4 4 4 2 2 2 4 4 3 1 2 4 3 1 3 2 4 4 1 4 2 4
[1148] 2 3 2 1 2 1 2 2 1 2 2 1 3 2 2 1 1 3 4 2 1 3 1 3 3 2 2 1 1 1 4 3 3 1 1 1 3
[1185] 1 4 3 4 1 1 1 1 1 1 2 1 1 1 3 4
