[1] "Numero de evaluaciones: " "45"                      
[1] "1"                 "0.361713704402257" "0.3096"           
[4] "con: "             "0"                 "sin: "            
[7] "0"                 "10"               
[1] "Individuo Nuevo"   "0.406453855190089" "10"               
[4] "0.3096"           
[1] "Individuo Actual"  "0.406453855190089" "11"               
[4] "0.48"             
[1] "Individuo Nuevo"   "0.412722615841293" "20"               
[4] "0.48"             
[1] "Individuo Actual"  "0.412722615841293" "21"               
[4] "0.46"             
[1] "Individuo Nuevo"   "0.412722615841293" "30"               
[4] "0.46"             
[1] "Individuo Actual"  "0.412722615841293" "31"               
[4] "0.56"             
[1] "Individuo Nuevo"   "0.413507522477922" "40"               
[4] "0.56"             
[1] "Individuo Actual"  "0.413507522477922" "41"               
[4] "0.42"             
[1] "Individuo Nuevo"   "0.413507522477922" "50"               
[4] "0.42"             
[1] "Individuo Actual"  "0.413507522477922" "51"               
[4] "0.6"              
[1] "Individuo Nuevo"   "0.414214577146271" "60"               
[4] "0.6"              
[1] "Individuo Actual"  "0.414214577146271" "61"               
[4] "0.38"             
[1] "Individuo Nuevo"  "0.41790438604951" "70"               "0.38"            
[1] "Individuo Actual" "0.41790438604951" "71"               "0.36"            
[1] "Individuo Nuevo"  "0.41790438604951" "80"               "0.36"            
[1] "Individuo Actual" "0.41790438604951" "81"               "0.66"            
[1] "Individuo Nuevo"  "0.41790438604951" "90"               "0.66"            
[1] "Individuo Actual" "0.41790438604951" "91"               "0.68"            
[1] "Individuo Nuevo"  "0.41790438604951" "100"              "0.68"            
[1] "Individuo Actual" "0.41790438604951" "101"              "0.7"             
[1] "Individuo Nuevo"  "0.41790438604951" "110"              "0.7"             
[1] "Individuo Actual" "0.41790438604951" "111"              "0.72"            
[1] "Individuo Nuevo"  "0.41790438604951" "120"              "0.72"            
[1] "Individuo Actual" "0.41790438604951" "121"              "0.74"            
[1] "Individuo Nuevo"  "0.41790438604951" "130"              "0.74"            
[1] "Individuo Actual" "0.41790438604951" "131"              "0.76"            
[1] "Individuo Nuevo"   "0.419159964362008" "140"              
[4] "0.76"             
[1] "Individuo Actual"  "0.419159964362008" "141"              
[4] "0.22"             
[1] "Individuo Nuevo"   "0.419159964362008" "150"              
[4] "0.22"             
[1] "Individuo Actual"  "0.419159964362008" "151"              
[4] "0.8"              
[1] "Individuo Nuevo"   "0.419159964362008" "160"              
[4] "0.8"              
[1] "Individuo Actual"  "0.419159964362008" "161"              
[4] "0.82"             
[1] "Individuo Nuevo"   "0.419159964362008" "170"              
[4] "0.82"             
[1] "Individuo Actual"  "0.419159964362008" "171"              
[4] "0.84"             
[1] "Individuo Nuevo"   "0.419159964362008" "180"              
[4] "0.84"             
[1] "Individuo Actual"  "0.419159964362008" "181"              
[4] "0.86"             
[1] "Individuo Nuevo"   "0.419159964362008" "190"              
[4] "0.86"             
[1] "Individuo Actual"  "0.419159964362008" "191"              
[4] "0.88"             
[1] "Individuo Nuevo"   "0.419159964362008" "200"              
[4] "0.88"             
[1] "39101.108" "5.841"     "39162.569" "0"         "0"        
[1] "Numero de evaluaciones: " "9000"                    
[1] "0.419159964362008" "15"               
   [1] 1 2 4 3 4 1 3 1 4 2 4 4 4 4 4 3 1 1 2 2 2 4 1 3 1 3 2 4 3 2 2 4 4 4 2 4 4
  [38] 3 1 1 1 4 1 4 3 1 3 3 3 1 1 3 4 3 2 1 1 1 1 4 4 1 4 2 3 1 3 2 3 4 1 1 1 2
  [75] 3 4 1 1 1 1 3 1 1 2 4 1 3 1 4 1 3 2 2 3 1 1 2 4 1 1 1 4 2 1 4 3 1 1 1 1 1
 [112] 4 4 2 3 3 2 1 4 4 4 3 4 4 4 1 3 4 1 1 4 3 3 1 4 3 3 1 4 4 4 1 3 1 2 4 4 1
 [149] 3 2 4 4 3 1 1 3 1 1 2 3 1 3 3 3 4 4 2 1 4 3 3 3 3 3 2 3 2 1 4 4 2 1 4 1 4
 [186] 1 4 3 2 4 4 4 2 4 1 1 4 3 4 1 2 4 3 4 4 3 3 3 1 3 4 4 4 1 1 4 2 2 1 3 1 3
 [223] 1 3 3 4 1 2 3 4 2 4 2 4 4 2 2 2 3 2 4 2 4 4 4 1 4 3 4 2 4 4 2 4 2 3 2 1 4
 [260] 3 4 3 2 3 3 3 3 3 3 1 3 4 2 1 1 3 3 2 1 1 1 3 4 3 3 4 4 1 4 3 2 4 1 3 2 2
 [297] 4 1 1 2 3 3 3 3 2 1 2 1 4 1 2 4 1 1 1 4 1 3 4 4 3 1 4 4 4 2 3 2 3 1 1 2 4
 [334] 4 4 2 3 3 4 3 2 3 2 3 4 1 1 3 3 3 3 3 3 4 3 4 1 4 1 1 4 1 3 4 1 1 3 4 4 1
 [371] 3 4 4 3 2 2 1 1 1 3 1 1 1 2 4 3 1 1 1 3 4 1 1 1 4 4 1 1 1 1 2 1 2 1 1 1 1
 [408] 1 4 3 4 2 3 1 3 3 1 3 4 3 3 4 2 4 1 4 2 4 1 1 4 4 1 1 1 2 4 4 3 1 3 2 2 4
 [445] 4 4 4 4 4 4 1 1 1 3 4 4 1 1 1 2 4 2 1 1 3 4 2 1 1 2 1 4 3 3 4 1 1 2 1 1 4
 [482] 1 4 4 1 1 1 4 1 3 3 1 3 3 1 4 4 3 4 2 4 2 4 1 1 2 2 4 2 3 3 4 3 2 4 3 2 4
 [519] 1 4 3 3 1 1 2 2 1 1 1 2 3 3 1 3 4 1 2 1 1 3 1 3 4 2 3 4 1 4 4 1 1 3 3 3 1
 [556] 3 3 1 2 1 1 4 3 3 1 2 2 4 2 1 2 4 2 3 2 4 2 4 3 1 4 4 3 1 2 1 4 1 1 1 4 3
 [593] 1 4 1 2 4 1 3 1 2 2 3 3 1 3 1 1 2 3 1 1 1 1 2 1 4 1 4 2 2 3 2 3 1 4 1 3 2
 [630] 1 1 1 3 4 3 1 4 4 1 3 3 1 1 4 4 1 3 1 1 1 1 1 4 4 4 3 1 1 1 4 4 1 2 4 2 4
 [667] 2 2 3 3 3 1 1 2 2 1 1 4 1 1 1 4 1 3 3 2 1 2 3 2 1 3 3 1 4 1 4 4 2 1 4 3 4
 [704] 3 3 3 1 1 1 1 3 4 1 3 3 3 4 1 3 2 1 4 1 1 3 3 4 4 3 1 1 4 2 3 3 3 4 1 1 4
 [741] 1 4 2 1 3 1 1 3 3 1 1 2 3 4 2 3 4 4 2 3 3 4 2 2 4 2 1 1 2 3 1 4 1 4 2 3 4
 [778] 1 4 1 4 1 4 2 4 4 4 4 1 3 1 3 2 3 2 1 4 1 1 3 1 1 4 1 1 4 1 4 4 1 2 4 1 4
 [815] 3 3 1 2 3 1 1 1 4 1 1 1 3 4 3 2 4 4 1 1 1 4 2 1 4 4 4 4 1 3 4 3 3 1 4 3 4
 [852] 4 1 1 1 4 1 1 1 3 4 1 1 3 4 3 4 3 4 1 4 3 1 2 3 3 1 2 2 1 1 2 1 3 3 1 4 1
 [889] 3 2 3 2 4 1 1 2 1 1 1 1 3 4 1 1 1 4 1 2 2 3 4 3 1 3 2 4 2 3 1 3 3 3 1 4 3
 [926] 3 2 4 1 1 4 3 3 3 2 4 1 2 4 2 1 3 2 1 4 3 2 3 1 3 3 1 1 1 1 1 4 1 3 1 1 4
 [963] 3 4 1 3 4 3 4 4 3 3 3 1 4 2 2 4 2 2 3 2 3 1 4 3 1 3 4 1 1 3 1 1 2 3 1 1 3
[1000] 2 3 3 4 3 1 1 1 3 4 4 4 4 3 2 1 1 1 1 3 2 3 1 3 4 2 2 4 4 1 3 1 4 1 4 1 3
[1037] 2 3 1 4 1 4 1 4 3 3 1 4 3 1 1 4 3 4 3 1 1 1 4 1 4 4 4 3 1 3 4 4 2 2 4 1 4
[1074] 3 2 2 3 1 4 1 2 1 4 4 4 1 3 2 3 2 4 3 1 4 1 3 1 3 4 4 1 4 2 1 2 1 1 3 3 3
[1111] 1 2 2 2 3 3 3 4 4 1 1 4 2 4 4 2 2 2 4 4 4 4 3 3 1 4 2 3 1 3 4 2 2 1 4 4 2
[1148] 4 4 4 1 4 1 4 4 1 4 4 1 3 3 3 1 1 2 2 4 1 3 1 3 3 4 4 1 1 1 2 3 3 1 1 1 3
[1185] 4 2 3 2 1 1 1 1 1 1 4 1 1 1 3 4
[1] "Numero de evaluaciones: " "45"                      
[1] "1"                 "0.354142891143925" "0.6141"           
[4] "con: "             "0"                 "sin: "            
[7] "0"                 "10"               
